==============================================================================================================
ATTENTION BIAS CROSS-LAYER PROFILE
==============================================================================================================
Model: /data/data/com.termux/files/home/qwen2.5-coder-q8_0.gguf


==============================================================================================================
attn_q.bias
==============================================================================================================
LAYER         MEAN          STD          MIN          MAX       ABSMAX          RMS       P99ABS      P999ABS
--------------------------------------------------------------------------------------------------------------
    0 5.588398e-02 2.746307e+00 -2.450000e+01 2.887500e+01 2.887500e+01 2.746876e+00 1.280938e+01 2.215938e+01
    1 5.008623e-02 9.787500e-01 -1.062500e+01 9.000000e+00 1.062500e+01 9.800307e-01 3.597656e+00 8.448281e+00
    2 -7.193383e-02 1.335423e+00 -1.362500e+01 9.375000e+00 1.362500e+01 1.337359e+00 4.590625e+00 1.327906e+01
    3 9.302024e-02 1.396958e+00 -7.562500e+00 1.500000e+01 1.500000e+01 1.400051e+00 5.559375e+00 1.302906e+01
    4 4.213540e-02 1.480199e+00 -9.750000e+00 1.862500e+01 1.862500e+01 1.480798e+00 4.307813e+00 1.684875e+01
    5 -8.556629e-02 1.853102e+00 -1.443750e+01 1.875000e+01 1.875000e+01 1.855076e+00 9.453125e+00 1.455375e+01
    6 1.255589e-01 1.844525e+00 -1.062500e+01 1.175000e+01 1.175000e+01 1.848794e+00 8.850000e+00 1.156250e+01
    7 -1.005577e-01 1.281637e+00 -1.237500e+01 9.125000e+00 1.237500e+01 1.285576e+00 5.395313e+00 1.153625e+01
    8 2.888498e-02 1.476455e+00 -1.650000e+01 1.212500e+01 1.650000e+01 1.476737e+00 8.012500e+00 1.276156e+01
    9 5.456041e-02 1.630263e+00 -1.375000e+01 1.812500e+01 1.812500e+01 1.631175e+00 5.759375e+00 1.766563e+01
   10 1.368081e-01 1.452575e+00 -4.312500e+00 1.687500e+01 1.687500e+01 1.459003e+00 8.431250e+00 1.636625e+01
   11 -1.320341e-01 1.501051e+00 -1.737500e+01 5.875000e+00 1.737500e+01 1.506847e+00 9.206250e+00 1.472781e+01
   12 -1.163470e-01 1.431721e+00 -1.343750e+01 1.306250e+01 1.343750e+01 1.436441e+00 7.710938e+00 1.309156e+01
   13 -5.900995e-02 1.765777e+00 -2.062500e+01 1.625000e+01 2.062500e+01 1.766762e+00 1.109688e+01 1.751438e+01
   14 1.395348e-02 1.443437e+00 -1.331250e+01 1.162500e+01 1.331250e+01 1.443504e+00 9.056250e+00 1.242000e+01
   15 -9.137596e-02 1.873530e+00 -1.800000e+01 1.775000e+01 1.800000e+01 1.875757e+00 1.001563e+01 1.768313e+01
   16 -1.251183e-02 1.279009e+00 -1.325000e+01 1.325000e+01 1.325000e+01 1.279071e+00 5.520313e+00 1.318313e+01
   17 -4.085206e-02 1.293869e+00 -1.243750e+01 1.000000e+01 1.243750e+01 1.294514e+00 6.884375e+00 1.207406e+01
   18 2.759309e-02 1.507188e+00 -1.512500e+01 1.387500e+01 1.512500e+01 1.507441e+00 8.600000e+00 1.330656e+01
   19 -7.728133e-02 1.403594e+00 -1.600000e+01 6.906250e+00 1.600000e+01 1.405720e+00 5.746875e+00 1.476000e+01
   20 -9.310982e-02 1.237089e+00 -1.231250e+01 1.181250e+01 1.231250e+01 1.240588e+00 6.310938e+00 1.199125e+01
   21 1.597287e-01 1.178596e+00 -5.937500e+00 1.206250e+01 1.206250e+01 1.189370e+00 7.093750e+00 1.056094e+01
   22 -8.362886e-02 1.498344e+00 -1.912500e+01 1.012500e+01 1.912500e+01 1.500676e+00 6.623438e+00 1.683125e+01
   23 -6.317760e-02 1.301954e+00 -1.212500e+01 1.087500e+01 1.212500e+01 1.303486e+00 6.634375e+00 1.087500e+01
   24 -7.226289e-02 1.431246e+00 -1.525000e+01 1.062500e+01 1.525000e+01 1.433069e+00 6.134375e+00 1.492000e+01
   25 -3.664810e-02 1.315396e+00 -1.350000e+01 1.487500e+01 1.487500e+01 1.315906e+00 7.284375e+00 1.266406e+01
   26 -1.073799e-02 1.140625e+00 -9.750000e+00 1.181250e+01 1.181250e+01 1.140675e+00 6.176563e+00 9.716563e+00
   27 4.484555e-02 8.933403e-01 -5.281250e+00 7.781250e+00 7.781250e+00 8.944652e-01 4.210938e+00 7.003594e+00

OUTLIER RANKING BY ABSMAX
------------------------------------------------------------
01. layer 00 ABSMAX=2.887500e+01 STD=2.746307e+00
02. layer 13 ABSMAX=2.062500e+01 STD=1.765777e+00
03. layer 22 ABSMAX=1.912500e+01 STD=1.498344e+00
04. layer 05 ABSMAX=1.875000e+01 STD=1.853102e+00
05. layer 04 ABSMAX=1.862500e+01 STD=1.480199e+00
06. layer 09 ABSMAX=1.812500e+01 STD=1.630263e+00
07. layer 15 ABSMAX=1.800000e+01 STD=1.873530e+00
08. layer 11 ABSMAX=1.737500e+01 STD=1.501051e+00
09. layer 10 ABSMAX=1.687500e+01 STD=1.452575e+00
10. layer 08 ABSMAX=1.650000e+01 STD=1.476455e+00

OUTLIER RANKING BY STD
------------------------------------------------------------
01. layer 00 STD=2.746307e+00 ABSMAX=2.887500e+01
02. layer 15 STD=1.873530e+00 ABSMAX=1.800000e+01
03. layer 05 STD=1.853102e+00 ABSMAX=1.875000e+01
04. layer 06 STD=1.844525e+00 ABSMAX=1.175000e+01
05. layer 13 STD=1.765777e+00 ABSMAX=2.062500e+01
06. layer 09 STD=1.630263e+00 ABSMAX=1.812500e+01
07. layer 18 STD=1.507188e+00 ABSMAX=1.512500e+01
08. layer 11 STD=1.501051e+00 ABSMAX=1.737500e+01
09. layer 22 STD=1.498344e+00 ABSMAX=1.912500e+01
10. layer 04 STD=1.480199e+00 ABSMAX=1.862500e+01

==============================================================================================================
attn_k.bias
==============================================================================================================
LAYER         MEAN          STD          MIN          MAX       ABSMAX          RMS       P99ABS      P999ABS
--------------------------------------------------------------------------------------------------------------
    0 5.697892e+00 7.711334e+01 -3.540000e+02 3.180000e+02 3.540000e+02 7.732356e+01 3.037000e+02 3.453300e+02
    1 7.107770e-01 1.071560e+01 -6.075000e+01 1.110000e+02 1.110000e+02 1.073915e+01 5.387500e+01 9.895125e+01
    2 4.796422e-02 1.524016e+00 -7.093750e+00 1.318750e+01 1.318750e+01 1.524771e+00 6.389062e+00 1.221531e+01
    3 7.884872e-02 8.055368e-01 -2.265625e+00 5.437500e+00 5.437500e+00 8.093866e-01 2.596094e+00 4.947422e+00
    4 1.826629e-02 6.245613e-01 -3.625000e+00 4.843750e+00 4.843750e+00 6.248284e-01 2.472656e+00 4.532969e+00
    5 2.548993e-02 5.514264e-01 -1.937500e+00 4.281250e+00 4.281250e+00 5.520153e-01 1.778516e+00 4.129844e+00
    6 -1.475644e-02 6.034867e-01 -2.187500e+00 3.281250e+00 3.281250e+00 6.036671e-01 2.139062e+00 3.002344e+00
    7 5.186809e-01 4.364831e+00 -1.493750e+01 4.300000e+01 4.300000e+01 4.395540e+00 2.115312e+01 4.172500e+01
    8 -1.489386e-02 6.416017e-01 -4.250000e+00 2.859375e+00 4.250000e+00 6.417745e-01 2.606250e+00 3.895391e+00
    9 -7.660054e-03 6.768396e-01 -2.640625e+00 5.593750e+00 5.593750e+00 6.768830e-01 2.425781e+00 5.338750e+00
   10 -3.477435e-02 7.320155e-01 -6.625000e+00 5.250000e+00 6.625000e+00 7.328410e-01 2.984375e+00 6.274375e+00
   11 1.177611e-02 7.341031e-01 -4.218750e+00 5.718750e+00 5.718750e+00 7.341976e-01 3.884375e+00 5.336250e+00
   12 7.822424e-03 5.910723e-01 -2.843750e+00 3.406250e+00 3.406250e+00 5.911241e-01 2.594531e+00 3.406250e+00
   13 1.681852e-01 1.681643e+00 -6.812500e+00 1.150000e+01 1.150000e+01 1.690032e+00 7.796875e+00 1.130875e+01
   14 -5.711466e-02 5.638433e-01 -4.312500e+00 3.234375e+00 4.312500e+00 5.667287e-01 2.392969e+00 4.037578e+00
   15 2.543691e-02 5.001015e+00 -4.575000e+01 4.575000e+01 4.575000e+01 5.001080e+00 2.978125e+01 4.575000e+01
   16 -1.438069e-02 5.693805e-01 -2.203125e+00 4.500000e+00 4.500000e+00 5.695620e-01 1.962891e+00 3.914297e+00
   17 4.815646e-02 7.153943e-01 -3.046875e+00 5.250000e+00 5.250000e+00 7.170133e-01 2.883594e+00 4.712109e+00
   18 -3.910089e-02 1.060444e+00 -5.375000e+00 7.968750e+00 7.968750e+00 1.061165e+00 4.859375e+00 7.681875e+00
   19 -8.514011e-02 8.582820e-01 -5.937500e+00 2.671875e+00 5.937500e+00 8.624946e-01 3.421094e+00 5.475313e+00
   20 -5.290806e-04 7.919970e-01 -3.015625e+00 4.781250e+00 4.781250e+00 7.919972e-01 3.057812e+00 4.741406e+00
   21 -2.616319e-02 7.075951e-01 -4.968750e+00 2.046875e+00 4.968750e+00 7.080786e-01 3.016406e+00 4.669922e+00
   22 -5.332977e-02 8.462115e-01 -5.437500e+00 4.250000e+00 5.437500e+00 8.478903e-01 3.571094e+00 5.333906e+00
   23 -3.215075e-04 7.237658e-01 -4.812500e+00 3.609375e+00 4.812500e+00 7.237659e-01 2.875000e+00 4.505703e+00
   24 -2.907658e-02 7.512173e-01 -2.984375e+00 4.656250e+00 4.656250e+00 7.517798e-01 2.846875e+00 4.512813e+00
   25 1.393904e-02 7.284738e-01 -5.781250e+00 2.750000e+00 5.781250e+00 7.286071e-01 2.500781e+00 5.390781e+00
   26 7.011626e-02 6.675248e-01 -3.390625e+00 2.718750e+00 3.390625e+00 6.711972e-01 2.458594e+00 3.219297e+00
   27 1.393681e-01 9.017054e-01 -3.000000e+00 4.312500e+00 4.312500e+00 9.124122e-01 3.389062e+00 4.208906e+00

OUTLIER RANKING BY ABSMAX
------------------------------------------------------------
01. layer 00 ABSMAX=3.540000e+02 STD=7.711334e+01
02. layer 01 ABSMAX=1.110000e+02 STD=1.071560e+01
03. layer 15 ABSMAX=4.575000e+01 STD=5.001015e+00
04. layer 07 ABSMAX=4.300000e+01 STD=4.364831e+00
05. layer 02 ABSMAX=1.318750e+01 STD=1.524016e+00
06. layer 13 ABSMAX=1.150000e+01 STD=1.681643e+00
07. layer 18 ABSMAX=7.968750e+00 STD=1.060444e+00
08. layer 10 ABSMAX=6.625000e+00 STD=7.320155e-01
09. layer 19 ABSMAX=5.937500e+00 STD=8.582820e-01
10. layer 25 ABSMAX=5.781250e+00 STD=7.284738e-01

OUTLIER RANKING BY STD
------------------------------------------------------------
01. layer 00 STD=7.711334e+01 ABSMAX=3.540000e+02
02. layer 01 STD=1.071560e+01 ABSMAX=1.110000e+02
03. layer 15 STD=5.001015e+00 ABSMAX=4.575000e+01
04. layer 07 STD=4.364831e+00 ABSMAX=4.300000e+01
05. layer 13 STD=1.681643e+00 ABSMAX=1.150000e+01
06. layer 02 STD=1.524016e+00 ABSMAX=1.318750e+01
07. layer 18 STD=1.060444e+00 ABSMAX=7.968750e+00
08. layer 27 STD=9.017054e-01 ABSMAX=4.312500e+00
09. layer 19 STD=8.582820e-01 ABSMAX=5.937500e+00
10. layer 22 STD=8.462115e-01 ABSMAX=5.437500e+00

==============================================================================================================
attn_v.bias
==============================================================================================================
LAYER         MEAN          STD          MIN          MAX       ABSMAX          RMS       P99ABS      P999ABS
--------------------------------------------------------------------------------------------------------------
    0 8.946501e-03 1.982194e-01 -3.222656e-01 2.890625e+00 2.890625e+00 1.984212e-01 2.803711e-01 2.235693e+00
    1 -5.162322e-03 1.936086e-01 -2.781250e+00 3.476562e-01 2.781250e+00 1.936774e-01 2.584961e-01 2.160684e+00
    2 6.952852e-03 1.354594e-01 -3.925781e-01 4.843750e-01 4.843750e-01 1.356377e-01 3.925781e-01 4.739160e-01
    3 -6.630033e-03 1.187006e-01 -4.921875e-01 4.101562e-01 4.921875e-01 1.188856e-01 4.145508e-01 4.901953e-01
    4 -4.801378e-04 6.500411e-02 -5.078125e-01 6.796875e-01 6.796875e-01 6.500588e-02 1.974121e-01 6.358594e-01
    5 3.537492e-03 1.131229e-01 -5.820312e-01 1.468750e+00 1.468750e+00 1.131782e-01 3.259766e-01 1.242637e+00
    6 4.143897e-03 1.179754e-01 -8.593750e-01 6.875000e-01 8.593750e-01 1.180481e-01 3.792969e-01 8.155469e-01
    7 8.974880e-03 2.145436e-01 -5.898438e-01 6.679688e-01 6.679688e-01 2.147313e-01 5.683594e-01 6.560156e-01
    8 -1.531482e-03 4.628207e-02 -1.464844e-01 3.300781e-01 3.300781e-01 4.630741e-02 1.427246e-01 3.201172e-01
    9 -3.915001e-03 5.028528e-02 -4.511719e-01 2.519531e-01 4.511719e-01 5.043745e-02 1.876465e-01 4.003711e-01
   10 -3.220550e-03 6.881151e-02 -7.265625e-01 1.796875e-01 7.265625e-01 6.888683e-02 1.862793e-01 6.827344e-01
   11 -9.796500e-03 1.312311e-01 -1.421875e+00 4.726562e-01 1.421875e+00 1.315962e-01 4.189453e-01 1.309316e+00
   12 -3.630258e-04 3.185317e-02 -8.642578e-02 2.519531e-01 2.519531e-01 3.185524e-02 9.396973e-02 2.387549e-01
   13 -1.436710e-03 4.431697e-02 -1.982422e-01 2.236328e-01 2.236328e-01 4.434025e-02 1.853516e-01 2.171582e-01
   14 -1.062660e-02 1.073856e-01 -9.609375e-01 3.105469e-01 9.609375e-01 1.079101e-01 5.540039e-01 9.599414e-01
   15 -1.213923e-03 6.798852e-02 -1.826172e-01 4.296875e-01 4.296875e-01 6.799935e-02 2.050293e-01 4.187305e-01
   16 -2.765574e-03 8.245542e-02 -1.054688e+00 5.234375e-01 1.054688e+00 8.250178e-02 2.347168e-01 9.192188e-01
   17 1.253389e-03 4.152176e-02 -2.187500e-01 2.138672e-01 2.187500e-01 4.154067e-02 1.768066e-01 2.177539e-01
   18 3.660835e-03 8.941226e-02 -3.476562e-01 3.339844e-01 3.476562e-01 8.948717e-02 3.320312e-01 3.441699e-01
   19 -2.868466e-03 9.056195e-02 -3.730469e-01 2.871094e-01 3.730469e-01 9.060736e-02 2.821289e-01 3.511328e-01
   20 4.853504e-03 6.422565e-02 -1.748047e-01 5.937500e-01 5.937500e-01 6.440878e-02 2.587402e-01 5.404590e-01
   21 -2.507753e-02 2.469919e-01 -3.234375e+00 2.656250e-01 3.234375e+00 2.482617e-01 8.820312e-01 2.829961e+00
   22 -8.790046e-04 9.448495e-02 -5.078125e-01 6.718750e-01 6.718750e-01 9.448904e-02 4.057617e-01 6.300391e-01
   23 4.124527e-02 4.037393e-01 -4.023438e-01 6.187500e+00 6.187500e+00 4.058406e-01 5.960937e-01 4.795957e+00
   24 -2.572603e-02 3.270410e-01 -4.781250e+00 8.750000e-01 4.781250e+00 3.280513e-01 8.820312e-01 3.823008e+00
   25 2.253951e-02 4.960300e-01 -6.875000e-01 7.656250e+00 7.656250e+00 4.965418e-01 6.078125e-01 5.879219e+00
   26 -1.910233e-02 5.617737e-01 -7.218750e+00 4.531250e+00 7.218750e+00 5.620983e-01 9.937500e-01 6.533438e+00
   27 1.113294e-03 7.670150e-01 -9.562500e+00 5.500000e+00 9.562500e+00 7.670158e-01 1.242969e+00 8.526563e+00

OUTLIER RANKING BY ABSMAX
------------------------------------------------------------
01. layer 27 ABSMAX=9.562500e+00 STD=7.670150e-01
02. layer 25 ABSMAX=7.656250e+00 STD=4.960300e-01
03. layer 26 ABSMAX=7.218750e+00 STD=5.617737e-01
04. layer 23 ABSMAX=6.187500e+00 STD=4.037393e-01
05. layer 24 ABSMAX=4.781250e+00 STD=3.270410e-01
06. layer 21 ABSMAX=3.234375e+00 STD=2.469919e-01
07. layer 00 ABSMAX=2.890625e+00 STD=1.982194e-01
08. layer 01 ABSMAX=2.781250e+00 STD=1.936086e-01
09. layer 05 ABSMAX=1.468750e+00 STD=1.131229e-01
10. layer 11 ABSMAX=1.421875e+00 STD=1.312311e-01

OUTLIER RANKING BY STD
------------------------------------------------------------
01. layer 27 STD=7.670150e-01 ABSMAX=9.562500e+00
02. layer 26 STD=5.617737e-01 ABSMAX=7.218750e+00
03. layer 25 STD=4.960300e-01 ABSMAX=7.656250e+00
04. layer 23 STD=4.037393e-01 ABSMAX=6.187500e+00
05. layer 24 STD=3.270410e-01 ABSMAX=4.781250e+00
06. layer 21 STD=2.469919e-01 ABSMAX=3.234375e+00
07. layer 07 STD=2.145436e-01 ABSMAX=6.679688e-01
08. layer 00 STD=1.982194e-01 ABSMAX=2.890625e+00
09. layer 01 STD=1.936086e-01 ABSMAX=2.781250e+00
10. layer 02 STD=1.354594e-01 ABSMAX=4.843750e-01

==============================================================================================================
PROFILE COMPLETE
==============================================================================================================
